% time     seconds  usecs/call     calls    errors syscall
------ ----------- ----------- --------- --------- ----------------
 61,50    8,492445           7   1134381           write
 38,50    5,315970           4   1134383           read
  0,00    0,000556         556         1           execve
  0,00    0,000127          15         8           mmap
  0,00    0,000115          28         4           openat
  0,00    0,000039          13         3           mprotect
  0,00    0,000027           6         4           close
  0,00    0,000026          26         1           munmap
  0,00    0,000016           8         2           pread64
  0,00    0,000015           7         2           fstat
  0,00    0,000014          14         1           brk
  0,00    0,000012          12         1         1 access
  0,00    0,000007           7         1           arch_prctl
  0,00    0,000007           7         1           set_robust_list
  0,00    0,000007           7         1           prlimit64
  0,00    0,000007           7         1           rseq
  0,00    0,000006           6         1           set_tid_address
------ ----------- ----------- --------- --------- ----------------
100,00   13,809396           6   2268796         1 total
