% time     seconds  usecs/call     calls    errors syscall
------ ----------- ----------- --------- --------- ----------------
 34,99    0,001204           4       277           write
 27,35    0,000941         941         1           execve
 16,22    0,000558           2       279           read
  7,24    0,000249          62         4           openat
  5,99    0,000206          25         8           mmap
  1,31    0,000045          11         4           fstat
  1,31    0,000045          15         3           mprotect
  1,19    0,000041          13         3           brk
  0,87    0,000030          30         1           munmap
  0,76    0,000026          13         2           pread64
  0,73    0,000025           6         4           close
  0,67    0,000023          23         1         1 access
  0,29    0,000010          10         1           prlimit64
  0,29    0,000010          10         1           getrandom
  0,20    0,000007           7         1           arch_prctl
  0,20    0,000007           7         1           set_tid_address
  0,20    0,000007           7         1           set_robust_list
  0,20    0,000007           7         1           rseq
------ ----------- ----------- --------- --------- ----------------
100,00    0,003441           5       593         1 total
